quad 2 0.0001 12 8000 clipp90 12.89
quad 8 1e-05 12 8000 clipp90 33.03
quad 32 0.0001 12 8000 clipp90 21.99
quad 128 1e-05 12 8000 clipp90 26.58
mse 2 0.0001 12 8000 clipp90 36.84
mse 8 3e-05 12 8000 clipp90 100.6
mse 32 1e-05 12 8000 clipp90 119.1
mse 128 1e-05 12 8000 clipp90 751.7
is 2 3e-05 12 8000 clipp90 16.67
is 8 1e-05 12 8000 clipp90 30.94
is 32 1e-05 12 8000 clipp90 30.63
is 128 1e-05 12 8000 clipp90 31.26
gkl 2 0.0001 12 8000 clipp90 13.4
gkl 8 1e-05 12 8000 clipp90 37.63
gkl 32 1e-05 12 8000 clipp90 30.69
gkl 128 1e-05 12 8000 clipp90 54.23
logmse 2 0.001 12 8000 clipp90 219
logmse 8 1e-05 12 8000 clipp90 235.9
logmse 32 3e-05 12 8000 clipp90 146.1
logmse 128 1e-05 12 8000 clipp90 139.7
